1736 1416
0 000
1 1111000110
2 0110010110
3 0010001010
4 0010111110
5 0110000001
6 1000111111
7 1110101000
8 1110101010
9 1101100000
10 1011101000
11 1010101101
12 1001100000
13 0111010111
14 0110000010
15 0101100001
16 0011110001
17 0100100111
18 0010001111
19 11111111000
20 0010001000
21 11101010110
22 11001110001
23 11101010111
24 0010001001
25 0010111111
26 0011110000
27 0100101100
28 0101011101
29 0101000100
30 0101011011
31 0011111000
32 0100100100
33 0101100011
34 0100101110
35 0100101101
36 0100100110
37 0101100010
38 0100100101
39 0011111001
40 0011111101
41 0011111110
42 0010111101
43 0010001011
44 0010001110
45 0101011110
46 0011111111
47 0101101100
48 0101000101
49 0100101011
50 0010111100
51 0101011000
52 0101110110
53 0101100110
54 0101110111
55 0101011010
56 0100101111
57 0101100100
58 0100101010
59 0101011100
60 0101101110
61 0101100000
62 0101100101
63 0101011001
64 0101100111
65 0101101101
66 0101011111
67 0110000000
68 0101101111
69 0110000110
70 0110010111
71 0110000111
72 0111010100
73 0111010101
74 0111010110
75 1001100001
76 1000111110
77 1001111001
78 1001111000
79 1010101100
80 1011101001
81 1100111001
82 1101001010
83 1101001011
84 1101100001
85 1110101001
86 1111000111
87 1111111101
88 001111001
89 001111101
90 010100011
91 010010100
92 010111010
93 011000010
94 011001010
95 011010110
96 011010111
97 100001110
98 100001111
99 100011110
100 100110001
101 100111101
102 101010111
103 101110101
104 110000111
105 110000110
106 110011101
107 110100100
108 110110001
109 111001001
110 111100010
111 111111001
112 111111000
113 111111111
114 00101110
115 00101101
116 00101100
117 00111101
118 01001000
119 01010000
120 01011010
121 01011100
122 01100100
123 01101010
124 01110100
125 10000110
126 10001100
127 10001101
128 10001110
129 10010100
130 10010101
131 10011100
132 10011101
133 10100000
134 10101010
135 10110100
136 10110010
137 10111000
138 10110101
139 10110011
140 10101100
141 10101110
142 10100001
143 10011111
144 10101101
145 10101111
146 10111001
147 10111011
148 11000111
149 11001111
150 11010011
151 11100011
152 11100111
153 11110101
154 11111110
155 11111011
156 11111010
157 11111101
158 11110100
159 11110000
160 11101111
161 11101110
162 11101000
163 11101001
164 11100101
165 11011101
166 11100010
167 11011100
168 11100110
169 11011110
170 11101011
171 11110010
172 0010000
173 0010011
174 0011101
175 0101001
176 0101111
177 0110001
178 0110100
179 0110011
180 0110110
181 0111001
182 0110111
183 0111101
184 0111011
185 1000010
186 0111100
187 0111000
188 1000000
189 1000100
190 1001000
191 1001101
192 1010001
193 1011000
194 1011110
195 1011111
196 1100100
197 1100110
198 1101010
199 1110000
200 1111011
201 001100
202 010000
203 010011
204 010001
205 001101
206 001010
207 1111100
208 1110110
209 1101101
210 1101000
211 1100101
212 1011011
213 1010011
214 1001011
215 1000101
216 0111110
217 0111111
218 1001001
219 1010010
220 1100000
221 1100010
222 1010100
223 1000001
224 0101010
225 11110011
226 11010110
227 11000010
228 11000110
229 11010111
230 11011111
231 0010010
232 0011100
233 11011001
234 10011001
235 111001000
236 001000110
237 0011111100
238 11001110000
239 111111110010
240 111111110011111
241 11111111001110001
242 11111111001100001
243 111111110011000001
244 111111110011000000
245 111111110011100000
246 111111110011100001
247 11111111001111001
248 11111111001111000
249 1111111100111001
250 1111111100110001
251 1111111100111101
252 111111110011001
253 111111110011101
254 11111111001101
255 0110000011
