1272 1040
0 1110
1 011001111
2 1101110000
3 1000001011
4 1101000010
5 000101011
6 1111000110
7 1101000001
8 1101011001
9 1100110100
10 1101000000
11 1101011110
12 1100001110
13 1100001100
14 1100110101
15 1101110001
16 1100110111
17 1101000011
18 1101110011
19 1100110110
20 1100001101
21 1100001111
22 1101011000
23 1101011111
24 1111000011
25 000011011
26 1111100110
27 000101111
28 1111100101
29 000011001
30 1111100010
31 000100010
32 000011000
33 000100011
34 000110111
35 001000111
36 000101110
37 000111111
38 001000100
39 000111110
40 001110010
41 001111110
42 001110011
43 001100001
44 010010111
45 010000001
46 001111111
47 001111101
48 001111100
49 010000000
50 001100000
51 001001001
52 001000110
53 000110001
54 000110010
55 000110000
56 000101000
57 000011010
58 1111100111
59 1111000111
60 1101110010
61 1111100001
62 1111100000
63 1111000001
64 1111100100
65 1111000000
66 1111000010
67 1111100011
68 000101010
69 000110110
70 000101001
71 000111100
72 001001000
73 000111101
74 010010110
75 001010101
76 010011100
77 010011101
78 010101100
79 010101101
80 011000101
81 011000100
82 011001110
83 011100101
84 011100100
85 011101101
86 011101100
87 100000000
88 100000001
89 100010110
90 100000100
91 100101011
92 100010111
93 100101010
94 101001001
95 110001110
96 110001111
97 110101110
98 110101101
99 111100010
100 00010000
101 00010110
102 00011010
103 00100101
104 00101011
105 00110001
106 01000001
107 01001010
108 01001111
109 01010111
110 01100011
111 01100100
112 01100101
113 01100110
114 01110011
115 01111010
116 01111011
117 10000001
118 10000011
119 10001010
120 10000111
121 10001100
122 10000110
123 10001101
124 10011100
125 10010111
126 10011101
127 10010100
128 10100101
129 10101000
130 10101001
131 10010110
132 11000010
133 11000100
134 11000101
135 11001110
136 11000110
137 11001100
138 11001111
139 11010100
140 11011001
141 11010101
142 11011000
143 11011101
144 11110011
145 11110010
146 11111101
147 11111100
148 0000111
149 0001001
150 0001110
151 0010011
152 0010100
153 0011001
154 0010110
155 0010111
156 0011110
157 0011101
158 0011010
159 0011011
160 0100001
161 0100011
162 0100010
163 0100110
164 0100100
165 0101000
166 0101101
167 0101010
168 0101001
169 0101111
170 0101110
171 0110000
172 0110100
173 0110101
174 0110110
175 0110111
176 0111000
177 0111010
178 0111110
179 0111111
180 1000010
181 1000100
182 1001000
183 1010001
184 1011101
185 1010110
186 1011111
187 1011011
188 1011000
189 1011110
190 1010000
191 1011010
192 1011100
193 1011001
194 1010011
195 1001111
196 1001001
197 1001101
198 1001100
199 1010101
200 1010111
201 1100000
202 1100100
203 1101001
204 1101101
205 1111011
206 1111111
207 000001
208 000010
209 000000
210 1111101
211 1111010
212 1101111
213 1100101
214 1000111
215 0111100
216 0101100
217 0010000
218 11010001
219 01110111
220 00111000
221 101001000
222 000110011
223 0010101001
224 10000010100
225 100000101011
226 001010100000
227 00101010001011
228 001010100010100
229 10000010101000011
230 0010101000100000
231 100000101010000001
232 10000010101000001110
233 10000010101000001111
234 1000001010100000000
235 1000001010100000001
241 1000001010100000110
242 100000101010000010
244 00101010001000010
245 00101010001000011
246 10000010101000010
247 001010100010001
248 001010100010101
249 100000101010001
250 00101010001001
251 10000010101001
252 1000001010101
253 001010100001
254 001010100011
255 001000101
