1288 928
0 010
1 11110100
2 11111001
3 11101111
4 11101000
5 11101010
6 11101110
7 11101101
8 11100010
9 11001010
10 10011010
11 10001010
12 01101110
13 01110000
14 01110101
15 01101100
16 01111011
17 10000000
18 01111101
19 01111001
20 10001000
21 10001110
22 10001011
23 10000111
24 10000101
25 01110111
26 01101001
27 00100111
28 00100001
29 00001111
30 111101011
31 111011000
32 111001011
33 110110110
34 101101011
35 101011010
36 100101001
37 100101000
38 100000110
39 011110001
40 011010001
41 011010000
42 001011011
43 011011011
44 011100010
45 011100011
46 011110000
47 100000111
48 100111000
49 101011011
50 110100001
51 110100000
52 111001010
53 111011001
54 111100110
55 111100111
56 111110111
57 00001110
58 00010101
59 00100000
60 00100110
61 00101100
62 00111111
63 00111001
64 00111110
65 01101111
66 01101010
67 01110110
68 10000010
69 01111111
70 10000110
71 10010010
72 10000100
73 10010101
74 10010110
75 10010000
76 10001101
77 10010011
78 10011000
79 10011001
80 10011011
81 10011111
82 10100011
83 10101110
84 10100000
85 10110001
86 10100101
87 10101011
88 10101100
89 10011101
90 10100111
91 10100010
92 10101001
93 10100110
94 10110000
95 10101111
96 10111001
97 10101000
98 10110110
99 10111000
100 10110111
101 11000110
102 11000111
103 11001011
104 11010011
105 10111011
106 11000010
107 10111101
108 11001000
109 10111110
110 10111100
111 11010001
112 11010010
113 11001111
114 11010101
115 11001110
116 11001101
117 11001100
118 11010100
119 11010110
120 11001001
121 11000100
122 11000011
123 11000001
124 10110010
125 10110100
126 10100001
127 10110011
128 10101010
129 10011110
130 10100100
131 10111010
132 10111111
133 11000101
134 11010111
135 11011000
136 11011010
137 11011111
138 11100000
139 11011100
140 11011101
141 11011110
142 11100001
143 11100111
144 11100110
145 11101011
146 11101001
147 11100100
148 11110000
149 11110001
150 11110111
151 11110110
152 0000000
153 11111100
154 0001001
155 0001100
156 0010100
157 0010101
158 0011011
159 0011001
160 0110001
161 0011101
162 0011010
163 0110010
164 0110011
165 0110000
166 0011110
167 0010111
168 0011000
169 0010010
170 0010001
171 0001111
172 0001110
173 0001101
174 0001011
175 0000010
176 0000101
177 11111101
178 11111110
179 0000110
180 11111111
181 0000011
182 0001000
183 0000100
184 0000001
185 11111010
186 11111000
187 11110010
188 11100011
189 11011001
190 11000000
191 10010111
192 10010001
193 01111100
194 01110100
195 01110010
196 01101011
197 01111010
198 01111110
199 10001100
200 10001001
201 10001111
202 10000001
203 01110011
204 00111000
205 00010100
206 111110110
207 110110111
208 100111001
209 011011010
210 1111010101
211 1111010100
212 0010110101
213 10110101011
214 10110101001
215 00101101000
216 101101010001
217 1011010101010
218 1011010100000
219 101101010101101
220 101101010101100
221 101101010101110100
222 101101010101110101
223 10110101010001110000
224 10110101010001110001
225 10110101010001110010
226 1011010101000111010
228 10110101010001110011
242 1011010101011101111
243 10110101010001110110
244 10110101010001110111
245 101101010101110110
246 1011010101011101110
247 10110101010001111
248 1011010101000110
249 1011010101011100
250 101101010100010
251 101101010101111
252 10110101010000
253 1011010100001
254 1011010101001
255 00101101001
