1328 1104
0 001
1 101010101
2 011100011
3 100001111
4 011110111
5 010100000
6 010010000
7 000111110
8 1110111101
9 1100011100
10 1011100001
11 1001001001
12 0111101100
13 0101100000
14 0101000010
15 11011010111
16 0101000011
17 0110110011
18 0101010111
19 0101010110
20 0110110010
21 0111101101
22 1001100000
23 1011100011
24 1101001001
25 1100100101
26 1100011101
27 1101101010
28 1100111011
29 1100100110
30 1101011001
31 1100001000
32 1010110100
33 1100001001
34 1011010100
35 1100001010
36 1100100100
37 1100100111
38 1101101000
39 1101001000
40 1100111010
41 1011100010
42 1011010011
43 1011100110
44 1011010101
45 1001111110
46 1001001000
47 1010101001
48 1001100001
49 1001100010
50 1001111111
51 1010101000
52 1011010010
53 1011100000
54 1010110101
55 1011100111
56 1100001011
57 1101011000
58 1101101001
59 1110000110
60 1110000111
61 1110010111
62 1110010110
63 000000110
64 000000111
65 000111111
66 010010001
67 010101010
68 011000100
69 011000101
70 010110001
71 011100010
72 100000110
73 100001110
74 100000111
75 100100101
76 100101001
77 100101000
78 100111110
79 101001010
80 101001011
81 101011011
82 101101000
83 101101011
84 101110010
85 110011100
86 110001111
87 110100101
88 110100110
89 110100111
90 110110110
91 110101101
92 111000001
93 110111111
94 111000010
95 111000000
96 110110111
97 111001000
98 110111110
99 111001010
100 111010101
101 111010100
102 111011111
103 111111010
104 00000010
105 111111011
106 00010111
107 00010110
108 00011110
109 01001001
110 01010001
111 01010100
112 01010110
113 01010111
114 01011001
115 01011111
116 01100011
117 01101000
118 01011110
119 01110000
120 01101101
121 01101111
122 01101110
123 01111010
124 01111101
125 01111100
126 10000010
127 10000110
128 10001100
129 10001101
130 10010011
131 10010101
132 10011011
133 10011001
134 10011010
135 10100010
136 10011110
137 10100100
138 10101000
139 10101001
140 10100011
141 10101011
142 10101100
143 10101110
144 10101111
145 11000110
146 11000011
147 11001000
148 11010111
149 11011110
150 11100110
151 11100111
152 11101100
153 11110000
154 11111000
155 11111001
156 11111111
157 11110100
158 11110101
159 11110111
160 11101011
161 11101101
162 11101110
163 11110001
164 11111100
165 11110110
166 0000000
167 0001010
168 0001110
169 0100010
170 0100101
171 0100110
172 0101001
173 0101101
174 0110101
175 0111100
176 1000010
177 1000100
178 1001000
179 1000101
180 0111111
181 0111011
182 0110011
183 0110000
184 0110010
185 0111010
186 0111001
187 1000000
188 1001011
189 1001110
190 1010000
191 1011001
192 1011101
193 1100101
194 1100110
195 1101000
196 1101100
197 1101110
198 1110100
199 1111001
200 000001
201 000011
202 000110
203 000100
204 000010
205 1111101
206 1110001
207 1101010
208 1100010
209 1011011
210 1011110
211 1100000
212 1011111
213 1011000
214 1010011
215 1000111
216 0101110
217 0100001
218 0100000
219 0100011
220 0100111
221 11111110
222 11001111
223 01101001
224 111001001
225 011011000
226 1001100011
227 11011010110
228 010110000101
229 01011000011010
230 0101100001001111
231 010110000110111101
232 010110000110111010
234 010110000110111100010
235 010110000110111100011
236 010110000110111111010
237 010110000110111111011
238 01011000011011110000
239 01011000011011111100
240 0101100001101110110
241 0101100001101110111
242 0101100001101111111
243 0101100001101111001
244 01011000011011100
245 010110000110111110
246 0101100001001110
247 010110000100110
248 010110000110110
249 01011000010010
250 01011000011000
251 01011000011001
252 0101100001000
253 0101100001110
254 0101100001111
255 1110111100
