1564 1302
0 100
1 111010111
2 101000100
3 010111100
4 011001000
5 101000101
6 110001000
7 110001110
8 110010011
9 110011001
10 110011000
11 110010110
12 110001111
13 110010111
14 110100110
15 110100111
16 110110010
17 110110011
18 110111100
19 110111101
20 111001011
21 111101010
22 00000010
23 00000011
24 00110010
25 01000100
26 01000101
27 01001110
28 01001111
29 01100110
30 01011111
31 01101010
32 01101111
33 01111100
34 10100110
35 01111000
36 01111110
37 01110001
38 01101110
39 01101011
40 01110010
41 01110011
42 01101000
43 01101001
44 01100101
45 01110000
46 01111001
47 10101110
48 10101001
49 10101000
50 10100011
51 01111101
52 10110100
53 01111111
54 10100111
55 10101111
56 10110101
57 11000101
58 11000110
59 11001010
60 11001111
61 11001101
62 11001110
63 11010000
64 11010001
65 11010100
66 11010101
67 11010111
68 11011010
69 11011000
70 11011100
71 11011011
72 11011111
73 11011101
74 11100100
75 11100010
76 11100000
77 11100011
78 11100110
79 11101000
80 11100111
81 11101001
82 11101010
83 11101110
84 11101101
85 11101111
86 11110001
87 11111100
88 11111010
89 11110111
90 11110100
91 11110011
92 11111000
93 11110000
94 11110010
95 11111011
96 11110110
97 11111001
98 11111110
99 11111101
100 11111111
101 0000100
102 0001010
103 0000110
104 0000010
105 0001001
106 0000101
107 0001000
108 0000011
109 0000111
110 0001110
111 0001111
112 0010001
113 0010110
114 0011101
115 0100000
116 0100101
117 0100110
118 0101101
119 0101010
120 0101011
121 0101110
122 0101001
123 0101000
124 0011110
125 0011111
126 0011011
127 0011000
128 0010100
129 0010011
130 0001011
131 0001101
132 0010000
133 0010010
134 0010101
135 0011010
136 0011100
137 0100001
138 0100011
139 0101100
140 0110000
141 0110110
142 0111010
143 0111011
144 1010000
145 1010110
146 1011000
147 1010101
148 1011001
149 1011011
150 1011100
151 1011110
152 1100000
153 1100001
154 1011101
155 1011111
156 1010010
157 0111101
158 0110001
159 0100100
160 0010111
161 0000000
162 11101100
163 11100001
164 11010010
165 11001000
166 01100111
167 00110011
168 00011000
169 111010110
170 110101101
171 110010010
172 011001001
173 000110010
174 1111010110
175 1110010100
176 1100010011
177 0101111010
178 0001100110
179 11110101110
180 11010110010
181 11010110000
182 11000100100
183 00011001111
184 111101011111
185 111001010111
186 111001010100
187 110101100110
188 110101100010
189 110001001011
190 010111101111
191 010111101101
192 000110011101
193 1111010111100
194 1101011001110
195 1101011000111
196 1100010010100
197 0101111011000
198 0101111011100
199 11100101011010
200 11100101011011
201 11010110001101
202 11100101011000
203 11100101011001
204 00011001110011
205 11000100101010
206 01011110110011
207 01011110110010
208 00011001110001
209 111101011110100
210 010111101110110
211 110101100011001
212 110101100111110
213 010111101110111
214 110101100111100
215 110101100111111
216 110101100011000
217 000110011100101
218 110001001010110
219 1111010111101010
220 000110011100000
221 1101011001111010
222 0101111011101000
223 0101111011101001
224 0101111011101011
225 11110101111010110
226 11010110011110110
227 0001100111000011
228 0001100111001000
229 11110101111010111
230 00011001110010011
231 01011110111010100
232 110101100111101110
233 010111101110101010
234 1101011001111011111
235 1101011001111011110
236 0101111011101010110
237 010111101110101011110
238 01011110111010101110
250 010111101110101011111
251 00011001110010010
252 0001100111000010
253 110001001010111
254 11110101111011
255 111001010101
