1632 1225
0 1110
1 01110000
2 101011100
3 100011011
4 100001001
5 100110011
6 101000010
7 101010111
8 101011101
9 110000011
10 110101010
11 110110000
12 110110101
13 110110100
14 110110001
15 110111101
16 00011000
17 00011001
18 00011101
19 00111101
20 01101001
21 01011101
22 01010110
23 01100000
24 01111100
25 10000010
26 10000000
27 10000001
28 10001000
29 10010000
30 10001111
31 10001100
32 10011011
33 10100110
34 10110000
35 10110001
36 10111001
37 11000010
38 11001110
39 11001100
40 11001011
41 11010100
42 11010110
43 11011011
44 11011100
45 11011111
46 11111100
47 0000111
48 0000000
49 0000101
50 11111110
51 0000100
52 11111001
53 11110010
54 11110000
55 11110101
56 11111111
57 11111000
58 11110111
59 11111010
60 0000011
61 11110011
62 11110100
63 11111011
64 0000010
65 0001000
66 0001101
67 0001011
68 0001111
69 0010101
70 0010011
71 0010010
72 0010100
73 0011101
74 0101010
75 0100010
76 0011100
77 0101000
78 0101100
79 0101111
80 0100011
81 0100101
82 0100110
83 0110001
84 0110010
85 0011111
86 0100100
87 0101101
88 0100000
89 0011010
90 0011000
91 0011011
92 0101001
93 0100001
94 0010111
95 0010110
96 0011001
97 0010000
98 0001010
99 0001001
100 0000110
101 11111101
102 11110110
103 11011101
104 11011001
105 11010111
106 11010010
107 11000011
108 11000000
109 10111101
110 10110010
111 10101100
112 10100101
113 10100000
114 10011110
115 10010111
116 10001010
117 10000111
118 10001001
119 10010001
120 10001110
121 10000101
122 10010101
123 10010010
124 10010011
125 10011000
126 10011010
127 10100011
128 10101000
129 10101001
130 10101111
131 10110011
132 10111100
133 10110101
134 10111110
135 10111111
136 11001001
137 11001101
138 11001000
139 11000100
140 11001111
141 11010001
142 11010000
143 11001010
144 11000111
145 11000110
146 11000101
147 10111000
148 10110100
149 10111010
150 10110111
151 10110110
152 10101010
153 10101101
154 10100111
155 10100010
156 10100100
157 10011111
158 10011101
159 10011100
160 10010110
161 10010100
162 10001011
163 10000110
164 10000011
165 01111111
166 01111010
167 01111101
168 01111110
169 01111011
170 01110001
171 01110111
172 01111000
173 01101100
174 01100001
175 01011100
176 01110110
177 01110100
178 01101010
179 01110010
180 01101000
181 01100110
182 01110101
183 01101101
184 01001111
185 01101011
186 01101110
187 01110011
188 01101111
189 01010111
190 01100111
191 01001110
192 00100011
193 00011100
194 00000011
195 111100010
196 110111100
197 110100110
198 101110111
199 101110110
200 101000011
201 100110010
202 100001000
203 011110011
204 001111001
205 001111000
206 001000101
207 000000101
208 1111000111
209 000000100
210 1101010111
211 1101001111
212 1101010110
213 1100000101
214 1100000100
215 1010101100
216 1000110101
217 0111100101
218 0010001001
219 11110001101
220 11110001100
221 11010011100
222 10101011010
223 10001101000
224 00100010001
225 110100111011
226 110100111010
227 100011010011
228 011110010001
229 001000100001
230 1010101101110
231 1010101101100
232 0111100100001
233 0010001000000
234 10101011011011
235 10001101001011
236 10001101001001
237 10001101001000
238 101010110111110
239 101010110110101
240 011110010000011
241 100011010010101
242 011110010000000
243 1010101101111110
244 011110010000010
245 1010101101111011
246 1010101101111010
247 011110010000001
248 1000110100101000
249 1000110100101001
250 1010101101101000
251 1010101101101001
252 1010101101111111
253 101010110111100
254 0010001000001
255 01111001001
