1240 1104
0 1101011000
1 0000011100
2 10001000001
3 00000111011
4 10111100110
5 10111100111
6 1011110010
7 1110101000
8 100001011
9 110100100
10 111010110
11 00011001
12 00111110
13 10011110
14 11001100
15 11011010
16 11110101
17 0001101
18 0110101
19 1011101
20 1101100
21 1111101
22 010000
23 101010
24 011110
25 1111011
26 0010011
27 101000110
28 001000011
29 001010011
30 001011111
31 001011110
32 011101100
33 010100110
34 100001010
35 010100111
36 010010110
37 001010010
38 001000010
39 000110000
40 000110001
41 000100000
42 1111010010
43 1111010011
44 1110101001
45 1111111000
46 1111111001
47 000100001
48 000010111
49 000001111
50 010010111
51 101000111
52 101111000
53 110100000
54 111011000
55 00000110
56 00101010
57 00101011
58 00100000
59 00001010
60 111110000
61 111100101
62 111011001
63 00001001
64 00111100
65 01110111
66 10000100
67 10100000
68 10010011
69 01101110
70 00111111
71 00101000
72 00010001
73 111111101
74 111110001
75 111100100
76 111101000
77 111100110
78 111000010
79 111001010
80 111001110
81 111000000
82 111001101
83 110111101
84 110111110
85 110111111
86 110111100
87 110101101
88 110100101
89 110010111
90 110001100
91 101011011
92 100111010
93 011101101
94 100110000
95 100010001
96 100111011
97 100110001
98 101011010
99 110000010
100 110000011
101 110010110
102 110100001
103 110101111
104 110101110
105 111000001
106 111001011
107 111001111
108 111011011
109 111010101
110 111000011
111 111001100
112 111011010
113 111100111
114 111010111
115 00000101
116 00000100
117 00001000
118 00100010
119 00101110
120 00111101
121 01010010
122 01001010
123 01011110
124 01011111
125 01101111
126 10001011
127 10001010
128 10001001
129 10011001
130 10011111
131 10010010
132 10011100
133 10100010
134 10110001
135 10101110
136 10110011
137 10101111
138 10110010
139 10110111
140 10100001
141 10100101
142 10110000
143 10111000
144 10111001
145 10110110
146 11000010
147 10110100
148 10101100
149 10100100
150 10110101
151 11000000
152 10111101
153 11000111
154 11001010
155 11001101
156 11010001
157 11010011
158 11011011
159 11100100
160 11111101
161 11111100
162 11111111
163 0001001
164 0010010
165 0010110
166 0011000
167 0011001
168 0100100
169 0101000
170 0101110
171 0110100
172 0110110
173 1000011
174 1001000
175 1001101
176 1010011
177 1011111
178 1100010
179 1100100
180 1101010
181 1101110
182 1110001
183 1110111
184 1111000
185 000000
186 000011
187 000111
188 001101
189 010001
190 010011
191 011000
192 010110
193 011100
194 011001
195 011111
196 100101
197 100011
198 100000
199 010101
200 001110
201 000101
202 1110100
203 1100111
204 0111010
205 11111001
206 11000011
207 00100011
208 110001101
209 000010110
210 1000100001
211 11010110011
212 00000111010
213 110101100100
214 1101011001010
215 1000100000000
216 10001000000101
217 100010000000111
218 1000100000011010
219 10001000000011010
220 1000100000011011001
221 1000100000011011110
222 100010000001101110110
226 100010000001101110111
227 10001000000110110000
231 10001000000110110001
243 1000100000011011100
244 10001000000110111010
245 1000100000011011111
246 100010000001101101
247 10001000000011011
248 1000100000001100
249 100010000000100
250 100010000000101
251 100010000001100
252 100010000001111
253 10001000000100
254 100010000001110
255 1101011001011
